001032,001030,000555|m
000300,000294,000299,000301,000295,000296,000297,000298|m
002087,002088,002083,002086,002084,002085|m
000775,000774|m
001264,001266,001263,001262,001265|m
002860,002857,002856,002861,002858,002859|m
002894,002895,002857,002856|m
000643,000638,000641,000639,000642,000640|m
000743,000058,002321,002323,002326,002322,002324,002327|m
001449,001450,001447,001448,000556|m
003089,002323,003088|m
000557,000550,000553,000558,000551,000554,000552,000555,000556|m
000972,000550,000554,000395,000261,000970,000971|m
000022,000024,000021,000020,000023|m
002291,002292,002285,002290,002293,002286,002287,002288,002289|m
000269,000270,000259,000260,000261,000262,000263,000264,000265,000266,000267,000268|m
001925,001922,001923,001926,001924|m
000610,000265,000266,000261,002225|m
002056,002057,002054,002055|m
001002,001001,000998,001003,000999,000488|m
001327,001328,001324,001323,001325,000706|m
000742,000058,000739,000743,000745,000740,000741|m
000058,002113,002114|m
000057,000170,000171,000174,000172,000175|s
000908,001414,001417,000172,001418|m
000845,000841,000842,000843,000844|m
000398,000397,000394,000261,000399,000395|m
002689,002690,002688,002687,002691|m
000270,001731,001727,001728,001729,001730|m
002925,002926,002923,000556|m
002925,002926,002923,000556|m
001387,001389,001385,001388,001386|m
003116,003114,003115|m
002255,000058,002251,000171,001476,002252,002253|m
003184,003181,003182,003183|m
001507,001509,000552,001508,001505,001506|m
002388,000552,000556|m
002021,002018,002022,002019,002020|m
002828,002723,002719,002829,002823,002821,002824,002825,002722,002827|m
003018,003016,003015,003019,003017|m
001861,001857,000488,001858,001859|m
001690,000550,000554,001691,000970,001680,001681,001682,001683,001684,001685,001686,001687,000556,001689|m
001476,000058,001473,000171,001474|m
000428,000424,000429,000425,000426,000427|m
000056,000057,000054,000058,000055|m
000675,000677,000669,000676,000670,000671,000609,000673,000674|m
000459,000456,000460,000457,000458|m
000362,000364,000359,000361,000363,000296|m
000489,000519,000520|m
002593,002587,002594,002588,002589|s
000086,000084,000087,000085|m
000904,000907,000901,000905,000908,000609,000906,000903|m
001296,001293,001295,001297,001294|m
000875,000872,000873,000874|m
002758,000609,002755,002757|m
002480,002482,002479,002478,002481,002483,002484|m
000330,000331,000328,000329,000332|m
000610,000609,000608,000611|m
002358,002356,002355,002357|m
002166,002161,002165,002162,002163,002164|m
002452,002447,002449,002453,002448,002450,000395|m
001356,000395,000269,001355|m
002724,002727,002722,002719,002725,002728,002723,002720,002726,002729,002721|m
001065,001059,001061,001066,001060,001062,001067,001063,001064|m
000489,000487,000488,000490|m
000489,001827,001828,001830|m
003056,003058,003060,001858,000488,003057,003059,003055,003052,003053,003054|m
002517,002515,002516,002518|s
000939,000552,000556,000940,000936,000941,000937|m
001613,000058,000552,000556,001763,001760,001764,001449|m
001798,000552,000556,001799,001793,001797,001800,001794,001795|m
002421,002418,002420,002419|m
002985,002982,000556,000362,000552,000557|m
000939,001159,000552,000556,001161|m
001988,001985,001161,001687,001989,000552|m
000141,000140|m
000711,000708,000705,000709,000706,000710,000707|m
001100,001103,001104,001096,001101,001097,001102,001098,001099|m
003214,003210,003213,003215,003211,003212|m
000805,000802,000804,000803,000806|m
001543,001544,001539,001540,001541,001542|m
001195,001192,001194,001196,001193|s
001578,001575,001579,001576,001580,001540|m
001613,000058,000172,001611,001612|m
003145,003148,003142,003146,003149,000085,003147,003150,003144,003151|m
002625,002623,002624|m
001892,000058,001888,001889,001890,001891|m
000112,000113,000110,000058,000111|m
001132,001128,001129,001130,001131|m
001958,001953,001959,001954,001955,001956,001957|m
000209,000208,000210|m
000112,002192,002194,002196,000552|m
002787,002784,002788,002785,002786|m
001228,001230,001231,001225,001229,001226,001227|m
001645,001647,001642,001643,001646,001644|m
002550,002552,002547,002551,002553,002548,002549|m
002658,002656,002659,002657|m
