0004
0030
0058
0078
0115
0121
0136
0150
0151
0165
0221
0229
0267
0288
0322
0393
0418
0454
0478
0509
0531
0538
0593
0604
0636
0639
0655
0658
0751
0761
0774
0792
0814
0829
0862
0934
0963
1002
1030
1037
1073
1109
1131
1186
1188
1220
1221
1222
1235
1246
1261
1263
1272
1279
1385
1393
1401
1402
1403
1404
1405
1408
1409
1412
1424
1447
1448
1473
1502
1585
1586
1587
1588
1590
1600
1601
1603
1605
1610
1611
1612
1613
1614
1651
1652
1653
1654
1655
1656
1657
1658
1659
1660
1661
1662
1663
1666
1668
1669
1700
1701
1702
1703
1704
1705
1706
1708
1709
1710
1712
1713
1714
1715
1716
1718
1720
1721
1722
1723
1724
1725
1730
1733
1736
1738
1744
1745
1746
1747
1751
1752
1758
1759
1761
1762
1764
1767
1769
1770
1771
1772
1773
1774
1780
1781
1782
1787
1788
1789
1791
1792
1801
1802
1805
1807
1812
1814
1815
1816
1817
1819
1820
1821
1822
1823
1824
1825
1826
1827
1828
1831
1833
1834
1835
1836
1838
1848
1861
1873
1874
1878
1910
1929
1966
1987
2003
2005
2007
2015
2016
2020
2021
2023
2024
2030
2032
2033
2034
2036
2042
2062
2075
2076
2077
2098
2099
2100
2101
2102
2103
2104
2105
2121
2124
2126
2131
2134
2137
2143
2144
2145
2147
2177
2178
2179
2181
2182
2183
2185
2186
2188
2191
2192
2193
2196
2197
2199
2200
2201
2202
2203
2204
2207
2209
2210
2213
2222
2223
2224
2226
2228
2230
2231
2232
2233
2234
2235
2256
2267
2268
